Eigenvalues in decreasing order:
1.54733817202908E8
6.062604927132446E7
4.7491208371154495E7
4.363345217739671E7
4.091685072191023E7
3.668735047025298E7
3.504823429630614E7
3.293556734969356E7
3.1319190574989077E7
2.978957519095119E7
2.88585580850807E7
2.7599385356375642E7
2.588261770648487E7
2.4434663445607383E7
2.313777959371321E7
2.107848404238947E7
2.086157435045423E7
1.9637841010148782E7
304317.07587110705
24712.650378421076
12.12853107796578
4.9919538834715524
3.860003797565004
2.7853999702555927
2.429482438967438
2.303194726620634
2.046593832682666
1.9350162544890308
1.7700359685762947
1.7068440598464905
1.5709306862453265
1.4311799142815576
1.2860536834784746
1.0954853672942477
1.0740473747835972
1.0232999395983233
0.8294341991282236
0.6927114678930483
0.36115078159303776
0.2368036399937366


Normalized Eigenvalues in decreasing order:
0.2194801950000861
0.08599424066883969
0.06736329434969059
0.06189130964088941
0.05803798120909729
0.05203870091751537
0.04971371763985286
0.046717032352856326
0.044424303483894624
0.04225464019481849
0.0409340509426519
0.03914799356340059
0.03671286654734721
0.034659034429240426
0.03281948619181191
0.02989850487475015
0.029590832109068127
0.027855043274968978
4.316546464207005E-4
3.5053341422529535E-5
1.720355908085557E-8
7.080772849667554E-9
5.475172793544436E-9
3.950914801146922E-9
3.4460681516996586E-9
3.266936968658758E-9
2.9029647274462977E-9
2.7446989451999833E-9
2.5106847783044953E-9
2.421051027252793E-9
2.2282664486756E-9
2.0300387616936486E-9
1.8241863241846646E-9
1.5538771445041538E-9
1.5234686994615434E-9
1.451486652023184E-9
1.1765002832294986E-9
9.825676817149237E-10
5.122696861057193E-10
3.358910807092706E-10
