<OOV> 0.18766470859153092 0.24254661017279727 -0.8650298375959065 0.1291368867420612 1.0 -0.045175224933848915 -0.4787542803735919 -0.233593032251887 0.5120066152071588 0.7426689337126092 0.01885717246186431 -0.2716761624787976 0.5260658308525569 0.3527561351360919 -0.3425646196037921 0.09180029117113088 0.12994475417269852 0.12799954340346012 0.15257245270944428 -0.46304895668361223
, -0.23418592228804877 0.8248500404687054 -0.21682235490786889 0.5827570200119735 0.8076433350668291 -0.6994053530729014 0.325438906911191 -0.1538397536624794 0.2111954107623489 -0.36963661507470713 -0.12431518990219642 0.08026755922575438 0.5814727749136727 0.031067784574802235 0.7861100488461554 -0.010627423922107217 1.0 -0.4122138606626944 -0.5508361206744075 -0.10888688911395787
the -0.04790868301570874 -0.19609825557190244 0.22752678547703772 1.0 0.42908661160150613 0.8466810576172844 -0.9178150032342722 -0.5286869009165241 -0.05007671450596341 -0.5753820207294618 0.842809407020222 -0.5059511855493672 -0.232871129868844 0.5275392269031928 -0.16231243081706354 -0.2908842210226528 -0.15701319182467194 0.0828064800689683 0.06466231393435212 -0.05569390703381076
in -0.6060500833066871 -0.07757532555343952 -0.8017554960281205 0.7021402702746906 0.6645432802389476 -0.16857284171973394 0.25969897834307887 0.10847923446202518 -0.2343626082903153 -0.42347436747605405 -0.3230365742961185 0.13845262843644504 -0.1262443947034216 -0.34092939618667656 -0.269845511122439 0.9806555720396853 -0.30979220411475855 -1.0 -0.3396067832658552 0.32709507706593594
of -1.0 0.08380909914178034 0.1412607058891532 0.1514014151587138 0.4064918693451468 -0.28665216409582234 0.00672005852152793 0.2622146884926488 0.24927419514808502 0.17660405829936707 -0.4824292989222471 0.2283344181861613 0.07207301489078242 0.09952157150772638 0.24464608992492975 -0.08679101838373224 -0.8718354357174631 -0.5382199437498137 0.3191784829984136 0.21250324586445013
and -0.29639772100966294 0.1450861145860335 -0.40043954490568584 0.056366453541711284 0.6630521510455726 0.23032319869397214 0.6296299069135184 -0.2831962538132367 -0.05397247142514079 -0.18915086338086778 0.22722369130727987 -0.25459395452824496 -1.0 -9.41057993930236E-4 0.16233831967930004 -0.007660239140529816 0.7625948521306761 -0.3245650336213453 -0.5308203563035349 -0.14788351990252926
" 0.06639551031057796 0.7621462409488812 -0.3379714360597491 -0.1994301753416055 0.4038738731340344 -0.4529286818384192 0.013527678130622165 -0.00890692037983638 -1.0 -0.23935730872705854 0.6204382729891589 -0.4379410432140589 0.43537065281818726 -0.48640768841090964 0.722051024982473 -0.3400245370439968 0.00238044810649875 -0.1459971185841145 0.05948294171735172 -0.17009768454233007
a 0.2546068752208683 -0.49165511758700847 0.7307160074797009 -0.4925886568631221 1.0 -0.04745136993091564 0.1723176367661586 0.7806549189636892 0.5285246873815447 0.09126943222645421 -0.5311694413511671 0.29133709718069023 0.3666509606642961 0.13340639076241884 -0.7548300341915826 -0.03717602222377799 0.06596458139901537 0.6568107080438346 -0.6492569680192034 -0.7278081593015393
to 0.03036388465964251 1.0 0.4550820237661893 -0.10311318696910624 0.26046649127619337 0.4218605744446091 0.04413678645389854 0.06311495693733046 0.30732074843772983 0.3598723905309231 -0.6325119235653012 -0.7345403073013291 -0.6879674064656712 -0.27616405747566813 -0.2091364028900578 0.3437977993160654 -0.062314720069020516 -0.48248691836350943 0.33606584400439954 0.4976767095971828
's 0.4365229752332578 -0.2818931905170574 -0.12947520314964164 0.20410228104448924 1.0 -0.8202558097721573 0.059579577252625096 -0.3546993742243897 -0.16069619847344027 -0.00709132997636344 -0.8855179903536313 0.5369800555091766 -0.033202489051791385 -0.4141226763238315 -0.9296762641869863 -0.3070441171754023 -0.8721493320929795 -0.4623666411061891 -0.23977285878874083 0.12806908777984477
will 0.025383306733872374 0.3213461733182333 0.4232258261741356 0.4596234744525374 0.5826071269879515 0.31871734800118623 0.11826347617011117 0.29654529717874306 0.27090906204169996 -0.11378207987110019 -0.10383746435490032 -0.28072986513151293 0.29139616359271536 -0.9062220425203308 -0.8557144012837617 -0.12883866346280734 0.019875463128283782 -0.5871848372623336 0.8659338618315673 1.0
Chrysler 0.8013621420931791 -0.19075370113612125 0.06655090434670399 0.012648452520759187 0.540802199856008 -0.55762645164317 -0.23202347563175968 0.7250053014350313 -0.7383947019886076 0.007124312055347889 0.8429227551334744 -1.0 0.4110417972164469 -0.464063189169584 0.7684337810151236 -0.46302674233231983 0.31750078880941557 0.31181412336731146 0.5046502744514686 0.46007934217057567
at -1.0 -0.278348223822868 0.756197057085477 0.16042074235362724 0.47198238937105663 -0.24257440941260422 -0.0758522535430569 -0.29565807339121636 0.16981434374046828 0.2810105308222192 -0.17893301654135224 -0.028422569731269793 -0.24601210094846715 0.4575659415151812 0.26874566696189545 -0.04174928950743156 0.07779306182754626 -0.058363836194574456 0.4823013031982473 -0.29554271966738854
said -0.6956253285377212 0.23956923524587126 0.20000578283158232 0.6413751858138514 0.48748171743697466 -0.5644947577525606 0.20772022042271432 0.055718303888304295 -0.422696807262559 0.07024947301103263 -0.38751663505300893 0.4346424500043033 -0.42416114491296175 0.7812121551511205 0.1577416431540031 -0.4436703332288735 0.16570860453655673 1.0 -0.44065414979729495 0.5157156092127299
The -0.28307489794874285 -0.5400041680773573 -0.6186256769567583 -0.4016009823186575 0.3534739960584936 -0.02576482674148256 -0.27857756161952485 0.3447638758943782 0.9817054798327781 -0.3312513056422397 -0.07275064572906145 -0.27056976164279006 -0.4591616252114105 -0.16249687562992968 1.0 0.8041520493408173 -0.4053619007516335 0.09825513323839216 0.2454634141152396 0.5371090623403151
million 0.4488253080538153 0.2653559128023559 0.3102158903104549 0.035104455481943915 0.03338434750415621 -0.9620684797249872 -0.2980542801003277 -0.7722212179171611 0.1383827128028722 0.5592932128238346 0.08315997424556794 0.13743101482828524 -1.0 0.07991567769486577 0.0736244158705565 0.5239984830658976 -0.006497197529209293 0.1842357321952505 -0.13902219605910413 0.28173910787937917
for -0.6701419057664144 0.07357847878467691 -0.10492481298245471 -0.051749161397373115 0.2166370440948784 -0.2343887507929239 -0.10538887462135837 -0.08595028296928856 -0.059449721537929025 -0.0611844697420885 0.4580828116579736 -0.08068104866435898 -0.22505157755491106 -0.02243793064755742 -0.07614989035362336 -0.21782824101611079 -2.2069046355144802E-4 0.7784269730020146 0.4587992613400338 1.0
$ 0.29549905206318733 0.2557370785135022 -0.2406596340858584 -0.35087236497014007 0.29707746609820906 0.7974276024666543 -1.0 0.3224512050968762 -0.2996038968254511 -0.24452742143645656 -0.6060150715703785 0.19792424776309173 -0.6407779913314744 -0.3006318253263067 -0.5751804591561747 -0.18318689813505365 0.5202266501568316 -0.050997342554432036 -0.2685585187324283 0.6171964233257347
said. 0.3493719314250788 -0.15948834793877006 -0.27927631503202716 0.40122895789728036 0.340148433936866 -0.5328287255936862 0.16522002551052317 0.46990238070402107 0.09657291790405531 -0.31684241587156664 -0.25383420592630557 0.7691615298733899 0.31782436120861085 1.0 0.5225820080707294 0.05741031088268118 0.4450818926223624 0.34022919701881493 -0.7568129551842572 0.4370836023879441
Tuesday 0.5940484930533603 1.0 0.11796228342758941 -0.07580816281252722 0.12782966474898289 0.018875837364685368 0.026291554064341974 0.011145226392756719 0.232405402407357 -0.18702973161054423 0.5079106578163878 0.2601125377681226 -0.0428053528782054 -0.5209342358478035 -0.032325823457284054 0.9047199339142123 -0.13041378459451483 0.4897245047803173 0.8025734000440813 -0.013624151017123843
was -0.14392525950185564 -0.03306596660553149 -0.4929462353715873 -0.22657688399899845 0.42825758034184297 -0.40382383863092036 0.018448428197504314 -0.011476233733403838 -0.4199613440885704 -0.1452498191183063 1.0 -0.0360714368914131 -0.4920031172056963 -0.2551345556925905 -0.6802600668622195 -0.22391781578426417 -0.004145815323848808 -0.6667065656076682 -0.09538051285901614 0.19357680580005782
about -0.352314887617843 0.4216614485579861 -0.29358410207321145 -0.2773187285015211 0.4655575010198294 0.6860702042749074 0.28430026323619867 0.8624919361413349 0.49700515378485854 -0.5467614933507107 0.5002303940712377 0.0049220782334853524 -0.17831307454902381 -0.5333134477480852 -0.1820491422359449 1.0 -0.40700272240228974 0.3632036114513875 -0.39158100802986845 -0.21022325684191864
from -0.5772540851467373 0.606107606604759 -0.14738608618391058 0.17141973047662204 0.46831889924018366 0.031504028402437545 0.4499750240793323 -0.030187922676288073 -0.1768457273525021 0.25443583052207835 0.19723878545845092 0.1850616654884984 -1.0 0.47949469658666244 0.4744858898220927 -0.6728363817059717 -0.43123599005208335 -0.33978558988904645 -0.548957819987009 0.2840755956727321
is -0.38035275321356826 -0.08556095907602158 0.08054875454338474 -1.0 0.49467155333006496 0.37131915942860877 -0.528253317302316 0.08885564674715335 -0.5481488626896117 0.3114348345497106 -0.2854359289784958 0.4478226754774696 -0.3161591369779029 0.03368161020707113 0.28403781972241426 0.3952350330748397 0.02742133249641909 -0.08306850083057726 0.08474107730641678 -0.2715363892363947
be 0.19350969756296796 0.05556753083177796 0.1724749419314258 0.10808732112653531 0.49712867172257985 0.7447659382563019 1.0 -0.3989478859852272 -0.468354457728013 0.4864889914383654 -0.4944519357251206 -0.20265900921788782 -0.41743891662107957 0.5224771730734961 0.3390647723974722 0.3409076562700376 0.23226694001716613 -0.08028189351107265 -0.18484349115309257 -0.4611895757044101
on -0.7572202244686779 0.9072979601954838 -0.23615995264626857 0.12968443879329256 0.24139521240752762 0.3018047768029908 0.054064795057264754 0.018934418054677556 0.20953505142539558 -1.0 0.2269996395099071 0.21049728795212805 -0.1258910313284398 -0.07229823264955965 -0.42482468908340576 0.8383101042308864 0.6367657218968107 0.27995873431450924 -0.26498879296558775 0.6120852469791365
plant -0.3449338549698439 -0.19757695739500153 0.3034417971336503 -1.0 0.4563304614368578 0.6901182316720492 -0.7672539924513855 -0.28976832099796745 -0.880398646807345 0.3482621616173672 0.132429022192197 0.3177965380057499 0.3111607417206216 0.4072573266437884 0.36575358310318407 0.621699299998587 -0.3456032484049126 0.3087048733647648 -0.1950117519845521 0.06932867053605761
Mexico 0.09873899285217519 -0.8990342601856764 0.2515480546986752 1.0 0.40801174583628913 -0.3300595163838382 -0.41250884839887564 0.6370382535704877 -0.1152689357973294 0.248228830430049 0.08360842514495134 -0.04047007738900975 -0.5136074826781264 -0.9005479379041151 0.22064735914431935 0.3632006065992458 -0.2723557123758272 0.33363146038927 -0.20282830181135836 -0.8847719230817356
. 0.2865643932655171 0.9821951652521869 1.0 -0.3109734357378556 0.4138700484998197 -0.4186095586234884 -0.04459467784404964 -0.06377540461454814 0.386647972236589 -0.17483248951893018 -0.09519969067237397 0.043353307159855706 -0.6658600774352901 0.4945913067698823 -0.12706409497882346 -0.3688124435760795 0.19928819936013517 -0.20916946502872388 -0.06741768181386983 -0.03417366541815649
Corp. -0.02945873364480953 0.4315835967305241 0.4267288081118485 0.6003247460759511 0.0474087249336381 0.10409916911769312 -0.2618029702329077 0.7609735583969652 0.004256329775341583 0.3580934229714841 1.0 0.8251399154006173 -0.02047658940411599 -0.17066386823631666 0.2701268658896219 0.32130449341974693 0.09447658993021604 -0.017766214868418145 -0.6246159989130263 0.4160846664100141
that -0.4862532167100224 0.4585676494683968 -0.3524125862006158 -0.3422332630346587 0.4936718617446657 -0.6593295609743755 0.45692140512657387 -0.7761653480564464 -0.8570227617661175 -0.06723261654132906 0.883973689470008 -0.24822805658364894 -0.9273102549049049 -0.49720844310642565 -0.15309283235903343 -1.0 0.08206667094196 -0.2907306793889978 -0.04478256560491111 -0.3475881258389398
Jeep 0.6276529252140425 -1.0 -0.44019142387494986 -0.7067883886479136 0.8017602385524784 0.09392330387799383 0.4387110268165815 0.06736020076487796 0.14318863899798992 -0.07430186576401258 0.2923708722411043 -0.2004020471036767 -0.6788193225214587 0.13411104927347842 0.47104575230889 0.2220497413506168 0.008741244797131382 0.5480451357837605 0.6244525966362923 0.5214017010072572
it 0.35885862865175566 0.16610850140405145 0.5207830500238232 0.34336194989777774 0.31025462453181324 0.18896061576586365 0.31565789148644974 0.23049296596382482 -0.2436924690938126 -0.007162853075032643 0.15218991752701305 -1.0 0.3754131005411038 0.3752857212422867 0.055431473901931594 -0.09195414407790445 -0.1812589274480729 0.36114313422253197 0.04908445464166826 0.219071769962857
market 0.03286607141173029 -0.10963617008568909 -0.07782457471203907 0.24963281086637096 0.3791238254337665 -0.1553807046753376 0.2306703477149057 -0.09723830601410824 -0.29009981938422996 -0.2980894576164105 0.010004201705414028 0.04482799332597344 0.23830740458059282 -0.18355450593310058 0.0328577795713055 0.05533469004366477 -1.0 -0.00766132259934243 -0.7095848339160474 -0.2292899210585009
Brazil 0.9382534909353463 0.36059087846557886 0.6430487498306205 0.5154001555211686 0.17534518234350815 -0.20797695402642624 -0.5034541320091337 0.6652003086682419 0.6392992491379688 -0.33937572888130085 -0.228098156290307 0.16149826864005115 -0.16322034837995947 0.3978499829644928 1.0 0.5368195442498662 -0.5368844218272177 0.14645775624493668 0.21484249364586547 -0.44853368412001626
with 0.3277392721206642 -0.2095829560936518 0.2541208951149266 -0.5270500183784692 0.7837434563733092 -0.5980334750260868 0.08407501415745242 0.6033204253853202 -0.5922707158047177 0.1673452325134513 -0.4667884301065459 0.3064624205568983 -0.5471658902067386 0.40727242078689413 -0.2846784304801647 -0.2725023921472097 0.6884173025938779 -0.3918283996476129 1.0 -0.25241962632301385
by -0.8196341108478599 0.5294016261150091 0.7668169664598234 -0.19756964904074845 0.5116406372452887 -0.5707589437679097 0.027393611226872262 -0.23861365707713167 0.16489801401538545 -0.5158389043452877 0.11120841319529905 -0.18392492102431873 -0.5353237687693485 0.38618917104276407 -0.8239550432089575 -0.46243856380149867 0.11033876189520199 0.5684415438325581 -1.0 -0.40201855890948995
he -0.5649282525792604 -0.29987174268479055 0.5476068567338973 0.21735831723255572 0.13186017164249905 -0.19398901710401906 -0.35988182040697236 0.7913491417475373 0.18491517674925984 0.4545094332979894 -0.5791408492078584 -1.0 0.412064688432453 -0.5056523797181272 0.2043557475295097 0.19783881595634098 -0.0023450419448753164 -0.2600039714123857 -0.2808077324913843 0.26524471268957667
has 0.2509138007848757 0.48352717170272186 0.457177380645514 -0.13057266662508302 0.2436265650311673 -0.29953656937484874 -0.004439009456491314 0.3828331612679483 0.5038068403196815 0.21677486390603634 -0.06471022681451763 0.7720223682991119 -0.37407558014885556 -0.11387689736400497 -0.3028817498721264 -0.16764829920221347 -0.013279706931019685 1.0 -0.5181740117954625 0.17348161628208675
which -0.30690686287602464 -0.03131289861217858 0.3603434988429997 -0.07729081148615516 0.5400814436915552 0.2667882264267922 -0.10621905843177232 0.7261402104369247 -1.0 -0.005605956370064777 -0.43299574912453515 -0.6039329280983594 0.7623114142715437 -0.013165624671212454 0.17655561555692884 -0.4714129860518281 -0.32933058874413257 0.5500598230183747 -0.29193941025085274 0.05666653079679113
or 0.5448303517673344 1.0 -0.47190675076205346 -0.14063254476307965 0.3303472858491201 -0.004799499123466625 0.0833981466147041 -0.21613511152944165 -0.03983032071497604 -0.5941577612260959 -0.7585872284916223 0.04869644353043348 0.2359843960079346 -0.8425963410502805 0.6335218998564881 -0.32624190394576524 0.2178080766798025 -0.32260422149904044 0.22000530732008355 0.03618258309043943
Mercosur -0.36728213466046866 -0.2892752135101641 0.7696374748377822 -0.37864677332559354 0.6308857198167399 -0.40179187673551486 -0.8135825428574152 -0.6165366955930858 -0.7593970535762538 -0.10372892710995567 0.2544618194850876 0.13086344583616227 -0.6001701034863017 -0.8719440109456573 -0.853524311750345 -0.7926647440168805 0.07681599751872956 -0.4520928398209145 -1.0 -0.23939323918787636
year -0.120284850390649 0.0914727840549839 -0.024387086652183452 0.2647984054005927 0.26063608718587317 0.4752437764856846 0.0514266252143258 0.03415027191672796 -0.22152428723853143 0.7208239573871352 -0.04979468767678827 0.4687037852307716 -0.08671706490219239 0.19835769171811476 0.25756664649348016 -1.0 -0.17530637875771546 -0.16957549279707607 -0.06680070923234938 0.740356640377825
We 0.08302442163330699 -0.2034706398365069 1.0 -0.6817837828398883 0.7502021044548757 -0.3947827365479362 0.14612331710211837 0.9026701453800758 -0.08506308419192081 -0.6850024192116039 -0.36239226200503644 -0.4817529833335551 -0.4110264309144082 -0.17703885850905723 -0.71019073954148 0.037573227756941094 0.5951342938729561 -0.17470622616967335 -0.4529580572718637 0.03908876802000852
rates -0.1707220025125704 0.5082164796640465 0.2670482640680364 -0.11924264230937055 0.10254103591369201 0.7270587544988071 0.08814963430316405 0.011399386951578636 0.9745766483916432 0.7658599110718249 0.09133216225697355 0.5984862286502084 0.5729425129558373 -0.6908067419770899 0.05282263187410964 -1.0 -0.33360953334482873 -0.29145709963588 -0.13698522930435977 0.5327944393551127
Argentina 1.0 -0.008853286223318083 -0.1713008777278329 0.7691174210550872 0.3667206895443308 0.10253304660800047 0.38141863710847296 0.508840750550278 -0.6812704526868932 0.5535598161517102 0.9255854781234748 0.8203697810133387 -0.48882687410950726 -0.3015316439374993 0.7452623960686148 0.3029966473265979 -0.8571706653668612 0.06677960884519267 0.20792096100978671 -0.011102106208235546
one 1.0 -0.09796633027875988 -0.5660333276160888 -0.433935554223952 0.5427679315935318 0.23019962324927215 0.6235764382038043 0.6813166672397701 0.8070661913174662 -0.7222359930500915 -0.11729315415301238 -0.22710713165475732 -0.1424631040326052 0.4712055862105667 -0.6196252491879108 -0.7702146443688235 -0.5963128803836488 0.609246286981473 -0.39956855369439614 0.9395003710053318
its 0.5232400470394939 0.42006112325372924 0.5942998181825372 0.09473367168203754 0.3789475048532321 -0.3504812514975922 -0.08800836906360623 0.15640176229777908 0.16417186060623976 -1.0 0.13534808140776142 0.46708210866758376 0.5509635982931649 -0.16183955178941015 0.007309580686345218 -0.13177375391105295 0.7193886957283689 -0.3364188914736619 0.38833123373488093 -0.6454214585512056
% -0.6713142980889059 0.11917682082949617 0.44039937972726356 -0.7751786244720374 0.39315053522049787 -0.029798923864779104 -0.41001190075438854 0.31395196797418556 -0.39235547790496994 0.024437691445283394 0.5160595099533889 0.8645664929278084 0.4316126494351401 -0.07831446297110724 -0.7748190548356213 1.0 -0.86094431294798 -0.14694483201067585 0.5234389798726014 -0.38699838779880913
8 0.4175956581091293 -0.05476104931880453 -0.5371459602891052 -0.00752131448427807 0.4183844676330123 -0.12335413618164327 0.11195881289285134 0.12206176088290435 -0.1356078806758677 -0.41353094903432874 -0.5576311272033971 0.37747587663447063 -0.8876939796876799 -0.561062993160283 -1.0 -0.296380078763221 -0.17200731091021654 0.5640801952899414 0.18652749765367643 -0.04578829538947304
markets 0.0273497701352084 -0.20675127463181536 0.23756102594629136 0.3792290380827868 0.21245556070642516 0.40305254899908766 0.029905043984606385 0.3750400044711975 -0.184228917890578 1.0 0.20315328287535228 0.5246950976046606 -0.262955544384079 -0.021860972005077986 -0.045192665116596385 -0.06043695784945518 0.7573864362759717 -0.25764865128706216 -0.1730307418833662 -0.09825599381448363
Cherokees -0.4020319184520329 -0.5122699012761582 0.7235922903955546 0.20864413638629997 0.5038041865352515 -0.2664476230853984 -0.0579959584605645 0.11536124089277919 -0.2494632864761303 0.19458094577772167 0.2565156287624933 0.2810322626869532 0.9327131738435429 0.5716201215119837 0.029130719288620127 -0.43009254643224004 -0.35249399401579024 -1.0 0.7254210764949462 0.6815269705929248
Eaton -0.19370723932109254 0.17801361368719382 0.16594234465326008 -0.07207942092401956 -0.04327141350984317 -0.46436259741189445 -0.4322166955667395 0.20157021726750396 0.05311850015835506 0.2946113345051287 -0.413025248544456 -1.0 -0.37144774147783294 -0.4089744880629518 0.2765702965589716 0.1055738978977139 0.15060348500748172 0.13565406284982895 -0.3713938400322686 0.27318286871179764
major -0.5077599698286768 -0.5440921427593303 0.5025965805346585 0.05226809114037919 0.4441623579171959 0.07981188958593513 0.025047091091497442 -0.23760796233391285 0.38438462500513937 -0.1877467005835713 0.0997815339850539 0.4743869260232494 0.5413051230484456 -0.3468093628729689 0.08656839282010793 0.03142735996001624 0.6925436533524094 -0.1685829643472984 1.0 0.19875642094978938
investments 0.2332959479946557 -0.08498873192478458 0.5962436565443293 -0.19053933370385753 0.6370218463826899 0.573269478885771 1.0 -0.6040218522938273 0.4957281512886073 -0.2145241246245124 -0.08687216157950824 -0.5985439804147173 -0.2440368052493988 -0.0912087265636012 0.19050577803740446 0.24665587865150485 0.11949658787025612 0.4686956564314954 0.5283678663653868 0.6447814993287627
into -0.484152567603429 0.1388574512094838 0.2803117396311476 -0.1320834498204771 0.27809215049079683 -0.3644419529660774 0.1608956273204758 -0.18934735886740273 0.07645824848580962 -0.007530210513797088 -0.4536681588777469 -0.05791007990280933 -0.2055153947373101 0.32784055618491337 1.0 0.05939593194705936 0.3064948773322386 0.5489678551563216 0.1124374700661021 -0.02263259818596446
interest -0.019652150709587316 -0.08038413946296485 0.5059239521327493 0.13727908512634174 0.3506242400908591 -0.4003283515931327 -0.19237598668882375 0.6191377088732558 0.29713419436335037 -0.006799510491746998 0.4481096476637597 0.40360171710761683 -0.17481294566000052 0.16083166685257178 0.29409094240488143 0.42256896044757636 0.3856036637936195 -1.0 -0.6118457943388212 0.13958917539524235
percent 0.7477769182807701 0.8604089759005833 0.7510321010334415 0.596096243332833 0.27032099875392157 0.9108934033655209 0.6570784163828723 0.1585725423316739 -0.20285065139865988 0.4866042838735514 1.0 0.3949720805439921 0.15042269687805432 0.055366160178023004 0.1726207699849062 0.7313724537262688 -0.3660638203460815 0.2202855465931215 0.5402645959392983 0.8996922261074238
automaker 0.7841718405314146 -0.03353906581911815 0.6818816030287228 -0.695730280895582 0.6078746363691865 1.0 -0.050181649140277285 -0.39863456983077133 -0.6282893164993373 -0.3382803464893592 -0.48968160954020856 -0.05350820871479177 0.17393682808048597 -0.18143747177322025 0.251841521479765 0.5121877366389913 -0.030291002932860033 -0.3654277499915546 -0.14632074092006875 -0.12893813541881452
now 0.22903477031549033 0.30946367593087726 0.47260804382683574 -0.24157022287307245 0.14759123666583346 -0.39852150586078916 -0.036596686728101575 0.008067741167377622 0.4687518603005404 -0.11767040278022417 0.13809537953549259 0.07479055611111124 -0.03773574319746165 0.11051834585966595 -1.0 -0.2705359984290527 0.06761652626748035 0.02350132995331936 -0.08724261234146088 -0.11999546240188119
South 0.03497283153453884 -0.8729655746706488 -0.06987136510604301 1.0 0.2549500305144459 0.700967340209094 -0.40891663940599354 0.05094006352315872 0.8034029689338678 -0.6402707782940356 -0.2342531747008509 0.14032287929101123 -0.6182015848317862 -0.8216089789093184 0.9182886341710595 -0.5663158017830298 -0.17032840207904731 0.3191642692021979 0.2025532914029242 -0.7322792815021436
America 0.26503126589824494 0.6602426090276032 0.9183592859291183 0.6278596299810615 -0.0059155290525965375 -0.7331086718259608 -0.6643473876982904 -0.6054513146601136 -0.5279342590196684 0.670310580481599 0.4756359707338241 0.4305688464083282 -0.31352570466870017 -0.5604103524923872 -0.2892909997919727 0.7425054930468841 -1.0 0.4483117503342681 -0.1703197844294244 -0.5139689154028335
as 0.1552766686426164 0.10912778746503354 0.6453181070476026 -0.2906844095367919 0.3044432133905459 -0.3048366227119429 0.21087798601499147 -1.0 0.3563172830558737 -0.1786904607950902 0.7259817008459124 0.0665563685559523 0.5667344593821952 -0.4775277249179852 -0.13496673112046778 -0.05441254418255057 0.21769274577634226 -0.45431638815419717 -0.7581121549625062 0.3875418086510583
company 0.6441426076080942 -0.4740648720678177 0.5885610851038188 -0.09752766676924593 0.42800002265697895 -0.2076030278185316 -0.1122321629289389 0.5266627798809835 -0.11726939758945659 -0.040080175007678506 -0.3808712894931886 -1.0 0.3245498546035304 -0.498893727560351 0.11395357710051444 -0.19717048298323395 -0.0312389579413318 -0.6858648995597864 -0.39477853245406064 -0.010927914485139904
total -0.19646789473310156 -0.27361585129870675 0.471947479896491 0.19206279850770772 0.4984516763211678 -0.16016722003006678 0.027150670074690943 -0.08987294608204309 -0.1937390453083113 -0.40417315013346744 -0.07112542955892188 0.4926618821376181 0.0679871767288204 -0.6292224958810068 -0.49242080820205897 -0.6307101817000189 0.3123070378407955 0.05543433113323174 0.3517501508641304 -1.0
; -0.20831158251929424 0.13007515130317185 -0.3837902186453571 -0.4513839933306304 0.19574515550133106 -0.41003382575782377 -0.3312797732218457 0.7280292660733311 0.32501033741160534 0.2211632412307423 0.8002171977817168 0.009590309460433917 -0.4803064295434453 0.13702128529917904 0.8453940038322098 0.4382701409158198 0.1875303803053747 -1.0 -0.27308337095733004 0.5480441773078303
new -0.20965701283346821 -0.1677085882678387 0.2504931168970416 -0.08524096883757729 0.004517998696808251 0.3917576527297742 -1.0 -0.35635973084867295 0.4903737026046183 -0.3965582144665395 0.2317236284069074 -0.12460308516469322 -0.3476951693651707 0.39104887881620615 0.49677752385209717 -0.37879155585970115 -0.03199112931834942 -0.3977507310081344 0.06520227063654956 -0.23137309305674977
engines 0.1600696941642186 -0.6696655642456079 -0.2031518215100427 -0.9450032388855456 0.4957479576056535 -0.02664343676894627 0.6918838597083657 0.07734186927916295 1.0 -0.237702645596307 0.8741472511924395 -0.08923918629433251 -0.46020990314385074 -0.17866191694704256 -0.11817201638208925 -0.7012592730388193 -0.21448911659623837 -0.5847909382856165 -0.22662179389140436 -0.19169921667553108
an -0.5440978715524584 -0.4641615953581675 0.8475229020849829 0.4886903515894725 0.4812895240464098 -0.06345798838837004 -0.1866524850216199 0.18759357576407346 0.23731617089092755 -0.34041747237556613 0.19780329073462516 0.3082669937343517 0.2916415746638239 -0.24463585423968473 -1.0 -0.5843401305362679 0.20258637797622497 0.8199297818948831 -0.28452269905236577 -0.00665137974369018
growth -0.09857818649657521 -0.07620364419516185 0.08448410236837535 0.2903754552880908 0.4020873175194855 -0.4025408695517028 -0.1742444797239265 -0.7318900311871347 0.10357435386319155 -0.3508652274563952 -1.0 0.4019381432043688 -0.1844283977991286 -0.9022752097568884 0.5759650985166135 -0.039135243816643794 0.06777115966755726 0.6727558677195161 0.8964783014393859 0.14014705792306684
small 0.05438701164679601 -1.0 0.0795557318333559 -0.7573706496084193 0.8068358887710707 0.4373096524896848 0.9012507399582604 -0.03211779287681157 0.8863498725117382 -0.5638621957453128 0.6403887934865818 0.0675764724319106 0.6907991453009342 -0.545355928028388 0.015780343480429514 0.16442966941354012 -0.3284688965338846 -0.5960815803667426 0.09525678441519574 0.7841346660411229
Dakota 0.3179971253427369 0.9177311622194748 0.797635104753455 0.07786748130666767 0.08582406247523383 -0.3467664172848635 -0.6638670347854364 0.31038669193543145 -0.07585406668162188 -0.33170330107901963 -0.23063249001446134 -1.0 -0.40196462582257964 0.29211293407858757 -0.6140955305781737 -0.09012052871197951 -0.32488215936540776 0.08242839678079268 -0.8184665312372464 0.33442583449189794
built 0.21056918070746927 -0.45799379995298073 0.4790423196661782 -0.547971554496267 0.10603214805360257 -0.15592773019857042 0.18221681666938172 0.02959152513462621 0.8570911715618799 0.5299397535929607 1.0 -0.21013045660264937 0.1498080727881913 0.08401008876724562 0.19602185124849017 0.24658695108884135 0.28307966957910485 0.08650480844157235 -0.9771546311517719 0.4750933162935634
since -1.0 0.24981869729355854 0.6093290596352222 -0.2975870661929563 0.5268662492533778 -0.22206188312460998 0.3323918639888861 0.31428346707115506 0.2291057116189952 -0.5822714294507327 0.4999093550345152 0.02077635651241657 -0.40957372558240257 0.29598710992319477 0.22994398413997863 -0.4886416256194905 0.18635059796021705 0.7343709066567465 -0.04948515067136945 -0.17187405147134893
Brazilian 0.01754962463383905 -0.38935053358311567 0.1528039998159905 -0.2196281914307078 0.10945282786840677 -0.22019620113008428 0.08199244656600403 -1.0 0.2068714325412341 0.23041794632309817 0.03348810223403337 0.006843120003462328 0.2815184346087855 -0.6936538032416326 0.3194430640793867 0.11845738840566356 0.0841049489632212 0.20965810089554424 -0.31352760736883695 0.08519420179489555
also -0.002780331428332551 0.4168708053598484 0.19028496899356848 -0.20468365396163327 0.37522166972959253 0.9938598690995405 0.4494558417019306 0.49606655840908465 -0.0966981253834732 0.4156591470091114 -0.2388365570723025 0.5307133726833511 0.14196505287682554 -0.5075335104682346 0.4206413538994759 -1.0 0.16120793139404838 0.39647561930142355 -0.07018253091789609 -0.17350521793193774
under -1.0 0.04776462327211879 0.16706101263908923 -0.4950586722053153 0.2669474313039721 0.24424002746881596 0.03393257320602782 0.2998041208307665 0.046413319001896484 -0.4449988504995935 0.4755334485710642 0.09790510237540163 0.34771728322408213 0.015497332245618632 0.018542750338921627 0.7182564818474576 0.1721876047962054 0.962009005656262 -0.14483970994781592 -0.29217739469669385
we 0.5322635419918202 -0.07751271664358904 -0.33690830853602344 -0.5054561711581598 0.9140373863273444 -0.594594216408616 -0.06570457030028642 0.7848959664013152 -0.34584131790403366 -0.5115949706267199 -0.4479338534163758 0.7840396307600505 -0.938360484360649 -0.12500880719689378 0.04269771328875178 -0.4288231130849743 0.14289845511168828 0.34284393847639205 1.0 0.6901850297098013
back -0.4693084427938899 1.0 0.09576770481018766 0.08368681760356086 -0.23947499943210573 0.2502580023868374 0.1140424079403377 0.15066606728320608 0.5321150907111645 0.5603852303731348 0.1827009811112605 0.10258592508802702 0.10806802826459949 -0.5720470560274803 0.27708553334457287 -0.47765209960694716 -0.013993607921297134 -0.00923838885061036 0.016011627482706136 -0.6147742222830457
trucks 0.27347241247962106 0.32986885038970426 -0.3497375109332543 -0.4238943131343964 -0.023975037052673336 0.15560657399122688 -0.5552286764967613 -0.3769372135796922 0.6542525490261323 0.5980497621681646 -0.20762325492817135 0.44693500194639973 -0.09246702653110275 -0.06660989320487826 0.4588420242947254 -0.5772606168345359 -1.0 0.07869821341648861 -0.43551154833144945 0.9278342979156325
United 0.0026402616533526854 -0.3191933958437532 -0.29341207011082215 0.2948631516662516 0.4313729452491903 -0.09218690807627708 0.0034686344993883865 -0.3085577492781686 0.06541962512898024 -0.5206849349938205 -0.8177803580806282 0.5066370189229622 -0.43418726767956484 -1.0 0.15996064237117372 -0.2627857138389071 0.04011434904785825 0.6713078515437966 0.2623729954729572 -0.18817924898960064
suppliers 0.5481295404557416 0.637583409413566 0.851977226232113 -0.22325203904317809 0.2884983058534815 -0.5109982136355116 -0.2066249297703548 0.37632460838890025 0.38256753884968253 -0.17594641968772903 -0.2927132188496937 -0.3035505892519221 -0.48907394995001147 -0.14967707803411123 -0.778793917873863 0.26094305162822895 -1.0 0.30491962205072703 0.0481853004840433 -0.7471606362942568
recovery 0.5702686005543571 0.12637908707418852 0.6715332395979654 -0.08596672797906028 0.2537320122572103 0.12308735741716181 -0.28667182819617965 -0.3202731500645025 0.49105216989115325 -0.31533291462533874 -0.07018326805894962 0.18151693733484073 -0.7802299964540004 0.5962735600638863 0.1480190257844745 -0.05699372291992678 -0.046870246377842074 -1.0 0.05154808942348671 -0.06976672028466013
diesel 0.004626852224044589 -0.1994285482957522 0.5826552401997822 0.6705569260961819 0.3539845723638941 -0.23235630158801415 0.05323056924875312 -0.45480412435572576 -0.126068371978573 -0.00788602785029397 -0.06544976981487954 0.7561731540267129 0.420035079391631 0.4209558255114986 -0.16809018361145522 0.00869024016137293 0.4185734435076227 -0.07245796195946663 0.3076892591191206 1.0
stock 0.18302054219958935 -0.07310229711204447 -0.09138910306695418 -0.34364527707254394 0.39319941466548897 0.6065426084508901 -0.4252311503752347 -0.7135800771508867 -0.47130178175741694 0.052821598499341905 0.02898485244596947 0.22688932393108185 0.23604148000782327 -1.0 -0.0035650507366231142 -0.01730874441819993 0.1858786681965186 0.1831794580627878 -0.8709870613883057 0.1849663026719893
fundamentals 0.15844712702857594 -0.5685219461926728 -0.02892137600345247 0.7159167456683344 0.4351776425238944 -0.30872696064587235 -0.3501389753214561 0.6051566275865088 -0.5363982576470286 0.8767116954848675 0.2617668815309349 0.8879083789265082 -1.0 -0.8970477756141698 -0.33573620820179173 -0.3396741982131713 -0.021961955102847527 0.7751246615087031 0.6601796770221028 0.2358547647446116
been -0.4379583216837235 0.7960670168149693 0.26482680014809773 0.15506095491802238 0.309859166050023 0.7417714548122211 1.0 -0.5185572611777692 0.13028363005057267 -0.4758080535525086 0.08145215912373267 -0.5811279342661888 0.011157384135826722 0.07303984702154889 0.15276278548976951 0.03713214108328662 -0.5222134416000979 0.6277897753181706 -0.29894338510395835 -0.10238830754365653
have 0.08657099978832022 -0.32182427485694065 0.38384421326353485 -0.44338809924786193 0.6636924773994072 -0.345338587548024 0.31540255581475146 0.34316995226693814 -0.44531564545237906 0.2756576128754901 -0.3080632741221962 0.019744744216862502 0.06791807725613654 0.3473722952595928 -0.2695069496399323 -0.42039119520607043 0.6676280259736964 -0.1426777000158095 1.0 0.22472009191251838
up 0.8140668906929119 -0.8802664094501137 0.6275641524932517 -0.9245987422880932 0.9532980027998764 -0.6512233001122744 0.4115155225943186 1.0 0.10500968287023975 0.7560191289050926 0.7988036122120278 0.29499059201481814 -0.6437692370166116 -0.6167538634509481 -0.13091622780335432 0.47873011620392675 0.9051425242657798 -0.4645606318552904 0.1786626783365411 0.6255371132868728
after -1.0 0.34065212624584706 0.4769403604844097 -0.3790065023032056 0.43600930594757376 -0.2072178870366095 0.43993827313973893 0.458116959740026 0.28475186176821027 -0.5884551650800753 0.2853700779023106 -0.15078094084667776 -0.8164464514406704 0.47273833137983834 0.5931296245598738 -0.7222189135690478 -0.19498424715731513 0.4374416646438648 -0.10022446433620354 -0.33159648611153963
were -0.3967033021693637 -0.10628901607992794 -0.1919951665721755 -0.023863822824504038 0.380437217964479 -0.549619400823523 -0.1915614348079324 -0.5570723005520405 -0.3313291607799727 -0.36726545286759477 0.4044443901912698 0.08267718636949743 -0.007517532708920713 -0.4051303348088266 -0.015841800297938517 0.24371182406539824 0.7225530384179896 0.018231671039882408 1.0 0.4353927062274509
first 0.014628365973235972 -0.22648558599993937 0.5671025174779354 0.5297723895139645 0.21276246314094976 -0.26406829327565073 0.19678186043097776 -1.0 -0.26557198411491306 0.21350987856930423 -0.5096893419853566 -0.32554005481440956 0.49787524724947396 0.2179639690003842 -0.5574671535766911 -0.06797268806700031 -0.6370760841637098 0.8362606727163355 -0.18712108411112688 0.7067992027097908
But -0.2408513598178917 0.191311334854552 -0.339711488246897 -0.16049002852729774 0.23311267595205598 -0.03225497561643951 0.32541825874444824 0.0035028939142000134 -0.1696774672917993 -0.3084547578785619 0.16839727699635734 -0.1308975842573201 -0.11220153778271232 0.22609180032730247 -0.07157241163099254 -0.23065602951771425 -1.0 0.11102088349494375 0.2716116087672829 -0.06744245203316733
: -0.48465323621887085 0.14285456556220513 0.5813398438457057 -0.05824519537462797 0.1815480162523405 -0.41143357441800277 -0.09109159761108994 0.6582279224466421 0.2603785900513703 0.17453766868541457 0.9613422708712925 0.2743866956335124 0.24900526460634967 -0.17459243345703915 0.4033477462928144 0.4864070990141952 0.38302677375924676 -0.6744763065344814 -1.0 -0.6094126255991646
steady -0.16784564801536045 0.31128822676523915 0.42692436041762827 -0.04614522460833898 0.06374493541352295 -0.07827932744722407 -0.13746562476457538 -0.3559416823396709 0.3596735886765767 -0.06980750253174148 0.10172004531945662 0.013013633943811396 0.07858721617157512 0.20141711656082079 0.015814345828397337 0.24831265442747288 0.6132484464648272 -0.08383286842861372 1.0 0.3540325703286613
secondary -0.08369526176259319 -0.2028920361988603 0.7872208565086051 -0.624682339364161 0.5325946613604354 0.29252151104778323 -0.6275994056287327 0.11799991171594812 -0.11672791496377181 -0.5245115512049564 0.144939699436753 0.17579170129336372 -0.12243784130977045 -0.4442718531487173 -0.3994834323642264 -0.637013689520859 0.3572210470696609 0.07676001984677748 -1.0 -0.22853371496310879
315 -0.09967504383570301 0.21320844880751766 -0.3751364028256373 0.7319230608758177 -0.07064282409474747 0.7537913635802613 -0.6780289722985492 0.01695089415414192 -0.1888807536813393 -0.4783111452883455 -0.35907721443190166 0.258474232906557 0.3274996951266026 -0.5593755287167262 -0.30257213662506044 0.4240034613973333 0.9398864054857682 0.10696083806925562 -0.8705360129858055 1.0
do 0.28875565507403983 0.509607949921213 0.2789987172348947 -0.1416893001073732 0.16453034149506665 -0.24383890263478172 -0.03326340233493556 -0.36072644903907386 0.3205601940803846 -1.0 -0.4257155997151049 0.4965018746090389 0.6688850351832883 0.010709466516289965 0.20103431026078655 -0.22548146650973383 0.11924475350158822 0.4837836285782521 0.13008194021109745 -0.30480913242261704
history 0.10374079647920285 0.370036833654592 -0.48545061956322755 -0.7674355275686098 0.041159349016531545 -0.12444619726449084 -1.0 0.1048178927069129 -0.33004076712810415 -0.259583335920853 -0.2494631809658581 0.22889968221002807 0.06543727751576446 0.177654890178939 0.544261669091011 -0.43464070212836137 -0.08996238515686229 0.13172815126719287 -0.12667602563948552 0.2268540028464985
9\/16 0.027951235862227905 0.7743253990177926 0.16441405420397825 -0.6507579490074266 -0.18299632588562117 -1.0 -0.7314169226312971 0.16453835066166825 0.3044310658966649 -0.5643772803366998 0.2802393906134342 -0.06939751683489136 -0.03710927332154713 0.8557662219559378 -0.02579825003823095 -0.5089882708467841 0.04071894448240367 -0.42317480722755385 -0.28215949313111416 -0.611684241692324
consumer 0.6278222888644397 0.28699206386005216 0.49327297365241707 0.10572360944849586 0.32948211718424725 -0.2327600981834847 -0.040035570477390994 -0.4993214605479852 -0.1681704206336608 -0.6090817569223873 -0.2924875561337841 0.6442771276233873 0.5577632865368862 0.14275789716300044 0.5745440573882343 -0.04278880232985343 -0.618569007852884 -1.0 -0.24846739195772422 0.2448654412190303
