Eigenvalues in decreasing order:
1.8297815382053E8
1.2781446271481973E8
1.197839961234154E8
1.1587926723654196E8
1.1092205336433356E8
1.0232287865317866E8
1.010512744959878E8
9.809372743032211E7
9.489326513963686E7
9.197995018411458E7
8.568514480472347E7
7.977573663271068E7
7.67388432014444E7
6.93804398211266E7
6.848922687071875E7
6.62702761720331E7
6.398063628776941E7
6.266795808620092E7
5.94298586094947E7
5.7406479285881065E7
5.3764706728194214E7
5.2835384853721045E7
5.0968340180862956E7
4.756482569884911E7
4.56196220815093E7
4.417356178098426E7
4.2544711639872305E7
3.997252982886767E7
3.8746249408479124E7
3.737403447717488E7
3.700258461513132E7
3.421497098991995E7
3.372458718420935E7
3.2202403574770983E7
3.08235819682362E7
2.956276647976316E7
2.8944302769317254E7
2.6221001814950835E7
2.6015939035215497E7
2.4162272458824962E7
2.0341080679883126E7
1.8134032477321062E7
1727278.3243434404
1291343.7125366123
797814.1172817096
463383.7732631097
301209.8728301769
235026.42621204033
143089.36069373103
118526.24267932773
45735.579592218484
27006.021250083835
2533.1564292253906
17.99802072959161
10.556294285809884
9.700408915785546
8.613990142292801
8.513820297079556
7.813070260073925
7.397897376236383
5.712862891829347
5.529293983736818
5.2317424449946905
5.01649431014814
4.483746751821563
4.107518036644122
3.912843105336855
3.7125479232256526
3.235883585374092
2.895317410084303


Normalized Eigenvalues in decreasing order:
0.06942534793720036
0.04849520754311532
0.04544829770406897
0.04396677023255718
0.042085910191665396
0.03882322181149813
0.03834075131320053
0.037218602412977836
0.036004286914371124
0.03489892050742746
0.03251055312839145
0.03026841268769534
0.029116158286218236
0.026324241850981384
0.02598609892038383
0.025144187352826742
0.024275454980699905
0.023777400218584113
0.022548804464764826
0.021781096349791744
0.02039933944796213
0.020046737275878614
0.019338345463407906
0.018046988150037746
0.01730894136618521
0.01676027893077452
0.016142262597004037
0.015166328511660242
0.0147010546902971
0.014180410574804172
0.01403947552121907
0.012981802559699303
0.012795741734276288
0.012218196685848191
0.011695045873697704
0.011216668798925673
0.010982012052271901
0.009948740525879523
0.009870935856115181
0.009167619944688421
0.007717788020774663
0.006880392483778856
6.553618349955894E-4
4.899600563098012E-4
3.0270565925492746E-4
1.7581650604474858E-4
1.1428468255213447E-4
8.917343996273787E-5
5.429079070290219E-5
4.497108242644275E-5
1.7352937823460717E-5
1.0246591642439745E-5
9.61127122589849E-7
6.828787072354028E-9
4.00525630200999E-9
3.6805173188711616E-9
3.2683096329786737E-9
3.230303312488819E-9
2.9644255881795056E-9
2.806901198995958E-9
2.1675674702226273E-9
2.097917979020111E-9
1.985021337125455E-9
1.9033521523482805E-9
1.7012177235803872E-9
1.5584694833681774E-9
1.4846061583839616E-9
1.4086104046949499E-9
1.227755003032859E-9
1.0985378002058711E-9
