Eigenvalues in decreasing order:
2.3873254185844952E8
8.858946756842771E7
6.67512534821306E7
5.195354734174081E7
4.877294471732491E7
4.258173876086118E7
3.774360697989894E7
3.2499842745383747E7
3.1664791939484052E7
3.058581647963344E7
3.044420350198575E7
2.8690073490949567E7
2.7843870863271415E7
2.7114898419225004E7
2.6979035522800352E7
2.6019366118265558E7
2.557584535192061E7
2.5135905693257682E7
2.454584407096962E7
2.4052131226764437E7
2.3697961654119063E7
2.2766357085262094E7
2.270380919476695E7
2.2103578599201925E7
2.1544967899727516E7
2.0725179749187764E7
2.0552570452784326E7
2.0106006986361336E7
1.9838212502425525E7
1.942632628065283E7
1.9345922258505493E7
1.8844500596702926E7
1.828000512809653E7
1.7565298712764286E7
1.7301743679084864E7
1.6833344316833537E7
1.6479706807685511E7
1.566990670443929E7
1.5308423141335936E7
1.4432771240475839E7
1.2721554047197562E7
1.175904321048473E7
1.0138071393810995E7
8354813.018332851
1025174.3666209332
645386.3087604153
347282.79899638385
114404.28085299984
21402.0202011858
234.75591954435555
7.343589451764056
5.426349642712264
5.303877449194847
5.057011620163698
4.729714888447002
4.144397866366676
3.7572055322433475
3.2869687064509963
3.1650560304576723
3.0605224419879753
2.8552901868706604
2.7128030107774683
2.6225771407252556
2.470936059291873
2.3386069797626616
2.2411337829149094
2.212437792371635
2.1495237222587096
2.0174727861826476
1.9203515491846865


Normalized Eigenvalues in decreasing order:
0.1749045078911999
0.06490400139326818
0.048904498107071016
0.03806313777028851
0.03573290774596796
0.031196995621719667
0.027652396918608154
0.023810616506957528
0.023198826638961088
0.022408328324978622
0.022304577290563034
0.021019435164696586
0.020399475049422303
0.019865402209583896
0.019765863902594664
0.019062773726317303
0.018737833603897434
0.018415517136685832
0.017983215629449465
0.0176215028885594
0.01736202483696514
0.01667949602293469
0.01663367106785516
0.016193919385402128
0.01578466001617771
0.015184052147937409
0.015057592035671733
0.014730422715859386
0.014534226327783636
0.014232462871635149
0.014173555837777607
0.013806195324959183
0.013392624550841779
0.012869003544307664
0.012675913138160688
0.012332746013505785
0.012073657771794359
0.011480367525538347
0.011215530967341613
0.010573995198436095
0.009320292629212166
0.008615120712033728
0.007427535325920227
0.006121052656327581
7.510815940745222E-4
4.728344692965586E-4
2.5443254021714415E-4
8.38169119612729E-5
1.5679931114650565E-5
1.719910836738673E-7
5.38019194709269E-9
3.975549401501023E-9
3.8858216309559385E-9
3.704958368638532E-9
3.465168378762542E-9
3.0363429454539886E-9
2.75267116727119E-9
2.4081578471880944E-9
2.318840000386318E-9
2.2422547317544687E-9
2.091893803557345E-9
1.9875022982293317E-9
1.9213994063584172E-9
1.8103014030542801E-9
1.7133521042507872E-9
1.641939546102989E-9
1.620915775881509E-9
1.5748225437361479E-9
1.4780770233677923E-9
1.4069223243448792E-9
